100
0 39
0 18
0 89
0 96
0 8
0 19
0 3
0 95
0 45
1 13
1 37
1 71
1 86
1 85
1 80
1 92
2 37
3 78
5 28
5 60
5 24
5 41
5 42
5 73
6 6
6 51
6 26
6 43
6 67
6 59
6 36
6 39
6 35
7 90
7 31
7 44
7 33
7 95
7 4
7 21
7 7
7 72
8 42
8 40
8 99
8 41
9 97
9 11
9 61
10 43
10 90
10 79
10 71
10 98
10 8
10 76
10 54
11 64
11 28
11 11
11 72
11 38
12 47
12 26
12 16
12 9
12 89
12 78
12 67
12 75
13 37
13 22
13 79
13 75
13 9
13 54
13 2
13 88
13 96
13 73
14 91
14 49
14 3
14 97
14 12
15 36
15 43
15 25
15 12
15 11
15 89
15 50
16 81
16 49
17 8
17 73
17 44
17 83
17 36
17 29
18 35
18 14
18 22
18 96
18 11
18 33
19 67
19 46
19 97
19 69
19 73
19 44
20 88
21 74
21 59
21 12
21 24
21 16
21 86
21 94
21 73
22 92
22 88
22 96
22 63
22 39
22 71
22 65
22 19
22 84
22 2
23 63
23 54
23 88
23 69
23 46
23 95
23 10
23 73
23 83
24 72
24 23
24 81
24 6
24 76
24 18
24 43
24 44
24 80
25 37
26 88
27 4
27 37
28 10
28 78
28 36
28 26
28 24
28 49
29 47
29 12
29 7
29 65
29 2
30 24
30 55
30 42
30 25
30 72
32 11
32 56
32 52
32 7
32 4
32 27
32 36
32 18
32 6
33 28
35 74
35 20
35 60
35 98
35 33
35 49
35 34
35 75
35 32
35 30
36 50
37 75
37 61
38 28
38 73
38 61
38 22
38 94
38 72
38 46
38 78
38 7
38 57
39 7
39 92
39 59
39 41
39 79
39 51
39 5
39 36
39 50
41 61
41 25
43 26
43 56
43 31
43 83
43 59
43 55
43 69
44 98
44 50
44 57
44 33
44 96
45 69
45 5
45 62
45 14
45 24
46 18
46 52
47 30
47 34
47 52
47 11
47 45
48 11
48 80
48 29
48 24
48 21
48 26
48 28
49 66
49 14
49 40
50 68
50 20
50 83
50 62
51 12
51 73
51 88
52 20
52 23
52 60
53 43
53 13
53 96
53 37
53 91
53 39
54 15
54 47
54 38
54 61
54 3
54 99
54 55
54 23
54 8
55 81
55 5
55 64
55 42
55 34
55 29
55 14
56 63
56 12
56 28
57 1
57 45
57 37
58 45
58 46
58 50
58 93
58 91
58 23
58 30
58 31
58 90
58 5
59 89
59 42
60 86
60 73
60 74
62 9
62 49
62 51
62 64
62 17
62 62
62 66
62 80
63 93
63 59
63 65
63 77
63 76
63 30
65 53
65 68
65 12
65 97
65 2
65 70
65 33
65 38
66 1
66 9
66 47
66 17
66 2
66 46
66 41
66 84
66 64
66 23
67 56
67 44
67 70
67 9
67 57
67 99
67 25
67 73
67 79
68 86
68 43
68 54
68 29
68 98
68 17
70 72
70 1
70 41
70 51
70 45
70 74
70 31
71 68
71 30
72 48
72 18
72 20
72 6
73 66
73 56
74 79
76 77
76 18
77 99
77 35
77 98
77 86
77 8
77 44
77 4
77 29
77 0
77 56
78 12
78 27
78 56
78 19
78 30
78 33
78 90
78 4
79 4
79 66
79 21
79 28
80 3
80 25
80 65
80 91
80 30
80 44
80 92
81 90
81 40
81 18
82 68
82 41
82 74
82 81
82 84
82 19
82 61
82 58
82 4
84 92
84 52
84 41
84 16
84 33
84 72
84 63
85 30
85 0
85 15
85 66
86 95
86 17
86 71
87 87
87 38
87 39
87 23
87 24
87 78
88 23
88 34
88 57
88 30
88 47
88 12
89 35
89 20
89 73
89 28
89 7
89 38
89 27
89 57
90 15
90 41
91 71
91 56
91 46
91 65
91 74
91 61
91 79
91 70
92 52
92 67
92 68
92 99
92 82
92 88
93 32
93 13
93 53
93 27
94 73
94 24
94 84
94 83
94 70
94 57
95 21
95 96
95 91
95 13
95 76
95 83
95 1
95 40
95 17
95 27
96 87
96 26
96 24
96 32
97 10
97 87
97 89
97 58
97 53
97 93
97 79
97 81
97 80
97 98
98 15
98 46
99 91
99 99
99 81
99 88
99 41
99 22
99 6
